Graphics3D[{Opacity[0.5],Polygon[{{  0.2071,  0.2071, -0.2929},{  0.2500,  0.2500, -0.1287},{  0.2071,  0.2929,  0.1213},{  0.1213,  0.2929,  0.2071},{ -0.1287,  0.2500,  0.2500},{ -0.2929,  0.2071,  0.2071},{ -0.3358,  0.1642,  0.0429},{ -0.2929,  0.1213, -0.2071},{ -0.2071,  0.1213, -0.2929},{  0.0429,  0.1642, -0.3358}}],Polygon[{{  0.2500,  0.2500, -0.1287},{  0.2929,  0.2071,  0.1213},{  0.2929,  0.1213,  0.2071},{  0.2500, -0.1287,  0.2500},{  0.2071, -0.2929,  0.2071},{  0.1642, -0.3358,  0.0429},{  0.1213, -0.2929, -0.2071},{  0.1213, -0.2071, -0.2929},{  0.1642,  0.0429, -0.3358},{  0.2071,  0.2071, -0.2929}}],Polygon[{{  0.2071,  0.2929,  0.1213},{  0.2929,  0.2071,  0.1213},{  0.2500,  0.2500, -0.1287}}],Polygon[{{  0.1213,  0.2929,  0.2071},{  0.1213,  0.2071,  0.2929},{  0.2071,  0.1213,  0.2929},{  0.2929,  0.1213,  0.2071},{  0.2929,  0.2071,  0.1213},{  0.2071,  0.2929,  0.1213}}],Polygon[{{ -0.1287,  0.2500,  0.2500},{  0.1213,  0.2071,  0.2929},{  0.1213,  0.2929,  0.2071}}],Polygon[{{ -0.2929,  0.2071,  0.2071},{ -0.3358,  0.0429,  0.1642},{ -0.2929, -0.2071,  0.1213},{ -0.2071, -0.2929,  0.1213},{  0.0429, -0.3358,  0.1642},{  0.2071, -0.2929,  0.2071},{  0.2500, -0.1287,  0.2500},{  0.2071,  0.1213,  0.2929},{  0.1213,  0.2071,  0.2929},{ -0.1287,  0.2500,  0.2500}}],Polygon[{{ -0.3358,  0.1642,  0.0429},{ -0.3495,  0.1505,  0.1505},{ -0.2929,  0.2071,  0.2071}}],Polygon[{{ -0.2929,  0.1213, -0.2071},{ -0.2500, -0.1287, -0.2500},{ -0.2363, -0.2363, -0.2363},{ -0.2500, -0.2500, -0.1287},{ -0.2929, -0.2071,  0.1213},{ -0.3358,  0.0429,  0.1642},{ -0.3495,  0.1505,  0.1505},{ -0.3358,  0.1642,  0.0429}}],Polygon[{{ -0.2071,  0.1213, -0.2929},{ -0.2500, -0.1287, -0.2500},{ -0.2929,  0.1213, -0.2071}}],Polygon[{{  0.0429,  0.1642, -0.3358},{  0.1505,  0.1505, -0.3495},{  0.1642,  0.0429, -0.3358},{  0.1213, -0.2071, -0.2929},{ -0.1287, -0.2500, -0.2500},{ -0.2363, -0.2363, -0.2363},{ -0.2500, -0.1287, -0.2500},{ -0.2071,  0.1213, -0.2929}}],Polygon[{{  0.2071,  0.2071, -0.2929},{  0.1505,  0.1505, -0.3495},{  0.0429,  0.1642, -0.3358}}],Polygon[{{  0.2500, -0.1287,  0.2500},{  0.2071,  0.1213,  0.2929},{  0.2929,  0.1213,  0.2071}}],Polygon[{{  0.1642, -0.3358,  0.0429},{  0.1505, -0.3495,  0.1505},{  0.2071, -0.2929,  0.2071}}],Polygon[{{  0.1213, -0.2929, -0.2071},{ -0.1287, -0.2500, -0.2500},{ -0.2363, -0.2363, -0.2363},{ -0.2500, -0.2500, -0.1287},{ -0.2071, -0.2929,  0.1213},{  0.0429, -0.3358,  0.1642},{  0.1505, -0.3495,  0.1505},{  0.1642, -0.3358,  0.0429}}],Polygon[{{  0.1213, -0.2071, -0.2929},{ -0.1287, -0.2500, -0.2500},{  0.1213, -0.2929, -0.2071}}],Polygon[{{  0.2071,  0.2071, -0.2929},{  0.1505,  0.1505, -0.3495},{  0.1642,  0.0429, -0.3358}}],Polygon[{{ -0.3358,  0.0429,  0.1642},{ -0.3495,  0.1505,  0.1505},{ -0.2929,  0.2071,  0.2071}}],Polygon[{{ -0.2071, -0.2929,  0.1213},{ -0.2500, -0.2500, -0.1287},{ -0.2929, -0.2071,  0.1213}}],Polygon[{{  0.2071, -0.2929,  0.2071},{  0.1505, -0.3495,  0.1505},{  0.0429, -0.3358,  0.1642}}]}]
Graphics3D[{Opacity[0.5],Polygon[{{ -0.2071, -0.2071,  0.2929},{ -0.2500, -0.2500,  0.1287},{ -0.2929, -0.2071, -0.1213},{ -0.2929, -0.1213, -0.2071},{ -0.2500,  0.1287, -0.2500},{ -0.2071,  0.2929, -0.2071},{ -0.1642,  0.3358, -0.0429},{ -0.1213,  0.2929,  0.2071},{ -0.1213,  0.2071,  0.2929},{ -0.1642, -0.0429,  0.3358}}],Polygon[{{ -0.2500, -0.2500,  0.1287},{ -0.2071, -0.2929, -0.1213},{ -0.1213, -0.2929, -0.2071},{  0.1287, -0.2500, -0.2500},{  0.2929, -0.2071, -0.2071},{  0.3358, -0.1642, -0.0429},{  0.2929, -0.1213,  0.2071},{  0.2071, -0.1213,  0.2929},{ -0.0429, -0.1642,  0.3358},{ -0.2071, -0.2071,  0.2929}}],Polygon[{{ -0.2929, -0.2071, -0.1213},{ -0.2071, -0.2929, -0.1213},{ -0.2500, -0.2500,  0.1287}}],Polygon[{{ -0.2929, -0.1213, -0.2071},{ -0.2071, -0.1213, -0.2929},{ -0.1213, -0.2071, -0.2929},{ -0.1213, -0.2929, -0.2071},{ -0.2071, -0.2929, -0.1213},{ -0.2929, -0.2071, -0.1213}}],Polygon[{{ -0.2500,  0.1287, -0.2500},{ -0.2071, -0.1213, -0.2929},{ -0.2929, -0.1213, -0.2071}}],Polygon[{{ -0.2071,  0.2929, -0.2071},{ -0.0429,  0.3358, -0.1642},{  0.2071,  0.2929, -0.1213},{  0.2929,  0.2071, -0.1213},{  0.3358, -0.0429, -0.1642},{  0.2929, -0.2071, -0.2071},{  0.1287, -0.2500, -0.2500},{ -0.1213, -0.2071, -0.2929},{ -0.2071, -0.1213, -0.2929},{ -0.2500,  0.1287, -0.2500}}],Polygon[{{ -0.1642,  0.3358, -0.0429},{ -0.1505,  0.3495, -0.1505},{ -0.2071,  0.2929, -0.2071}}],Polygon[{{ -0.1213,  0.2929,  0.2071},{  0.1287,  0.2500,  0.2500},{  0.2363,  0.2363,  0.2363},{  0.2500,  0.2500,  0.1287},{  0.2071,  0.2929, -0.1213},{ -0.0429,  0.3358, -0.1642},{ -0.1505,  0.3495, -0.1505},{ -0.1642,  0.3358, -0.0429}}],Polygon[{{ -0.1213,  0.2071,  0.2929},{  0.1287,  0.2500,  0.2500},{ -0.1213,  0.2929,  0.2071}}],Polygon[{{ -0.1642, -0.0429,  0.3358},{ -0.1505, -0.1505,  0.3495},{ -0.0429, -0.1642,  0.3358},{  0.2071, -0.1213,  0.2929},{  0.2500,  0.1287,  0.2500},{  0.2363,  0.2363,  0.2363},{  0.1287,  0.2500,  0.2500},{ -0.1213,  0.2071,  0.2929}}],Polygon[{{ -0.2071, -0.2071,  0.2929},{ -0.1505, -0.1505,  0.3495},{ -0.1642, -0.0429,  0.3358}}],Polygon[{{  0.1287, -0.2500, -0.2500},{ -0.1213, -0.2071, -0.2929},{ -0.1213, -0.2929, -0.2071}}],Polygon[{{  0.3358, -0.1642, -0.0429},{  0.3495, -0.1505, -0.1505},{  0.2929, -0.2071, -0.2071}}],Polygon[{{  0.2929, -0.1213,  0.2071},{  0.2500,  0.1287,  0.2500},{  0.2363,  0.2363,  0.2363},{  0.2500,  0.2500,  0.1287},{  0.2929,  0.2071, -0.1213},{  0.3358, -0.0429, -0.1642},{  0.3495, -0.1505, -0.1505},{  0.3358, -0.1642, -0.0429}}],Polygon[{{  0.2071, -0.1213,  0.2929},{  0.2500,  0.1287,  0.2500},{  0.2929, -0.1213,  0.2071}}],Polygon[{{ -0.2071, -0.2071,  0.2929},{ -0.1505, -0.1505,  0.3495},{ -0.0429, -0.1642,  0.3358}}],Polygon[{{ -0.0429,  0.3358, -0.1642},{ -0.1505,  0.3495, -0.1505},{ -0.2071,  0.2929, -0.2071}}],Polygon[{{  0.2929,  0.2071, -0.1213},{  0.2500,  0.2500,  0.1287},{  0.2071,  0.2929, -0.1213}}],Polygon[{{  0.2929, -0.2071, -0.2071},{  0.3495, -0.1505, -0.1505},{  0.3358, -0.0429, -0.1642}}]}]
Graphics3D[{Opacity[0.5],Polygon[{{  0.2071,  0.2071, -0.2929},{  0.2500,  0.2500, -0.1287},{  0.2071,  0.2929,  0.1213},{  0.1213,  0.2929,  0.2071},{ -0.1287,  0.2500,  0.2500},{ -0.2929,  0.2071,  0.2071},{ -0.3358,  0.1642,  0.0429},{ -0.2929,  0.1213, -0.2071},{ -0.2071,  0.1213, -0.2929},{  0.0429,  0.1642, -0.3358}}],Polygon[{{  0.2500,  0.2500, -0.1287},{  0.2929,  0.2071,  0.1213},{  0.2929,  0.1213,  0.2071},{  0.2500, -0.1287,  0.2500},{  0.2071, -0.2929,  0.2071},{  0.1642, -0.3358,  0.0429},{  0.1213, -0.2929, -0.2071},{  0.1213, -0.2071, -0.2929},{  0.1642,  0.0429, -0.3358},{  0.2071,  0.2071, -0.2929}}],Polygon[{{  0.2071,  0.2929,  0.1213},{  0.2929,  0.2071,  0.1213},{  0.2500,  0.2500, -0.1287}}],Polygon[{{  0.1213,  0.2929,  0.2071},{  0.1213,  0.2071,  0.2929},{  0.2071,  0.1213,  0.2929},{  0.2929,  0.1213,  0.2071},{  0.2929,  0.2071,  0.1213},{  0.2071,  0.2929,  0.1213}}],Polygon[{{ -0.1287,  0.2500,  0.2500},{  0.1213,  0.2071,  0.2929},{  0.1213,  0.2929,  0.2071}}],Polygon[{{ -0.2929,  0.2071,  0.2071},{ -0.3358,  0.0429,  0.1642},{ -0.2929, -0.2071,  0.1213},{ -0.2071, -0.2929,  0.1213},{  0.0429, -0.3358,  0.1642},{  0.2071, -0.2929,  0.2071},{  0.2500, -0.1287,  0.2500},{  0.2071,  0.1213,  0.2929},{  0.1213,  0.2071,  0.2929},{ -0.1287,  0.2500,  0.2500}}],Polygon[{{ -0.3358,  0.1642,  0.0429},{ -0.3495,  0.1505,  0.1505},{ -0.2929,  0.2071,  0.2071}}],Polygon[{{ -0.2929,  0.1213, -0.2071},{ -0.2500, -0.1287, -0.2500},{ -0.2363, -0.2363, -0.2363},{ -0.2500, -0.2500, -0.1287},{ -0.2929, -0.2071,  0.1213},{ -0.3358,  0.0429,  0.1642},{ -0.3495,  0.1505,  0.1505},{ -0.3358,  0.1642,  0.0429}}],Polygon[{{ -0.2071,  0.1213, -0.2929},{ -0.2500, -0.1287, -0.2500},{ -0.2929,  0.1213, -0.2071}}],Polygon[{{  0.0429,  0.1642, -0.3358},{  0.1505,  0.1505, -0.3495},{  0.1642,  0.0429, -0.3358},{  0.1213, -0.2071, -0.2929},{ -0.1287, -0.2500, -0.2500},{ -0.2363, -0.2363, -0.2363},{ -0.2500, -0.1287, -0.2500},{ -0.2071,  0.1213, -0.2929}}],Polygon[{{  0.2071,  0.2071, -0.2929},{  0.1505,  0.1505, -0.3495},{  0.0429,  0.1642, -0.3358}}],Polygon[{{  0.2500, -0.1287,  0.2500},{  0.2071,  0.1213,  0.2929},{  0.2929,  0.1213,  0.2071}}],Polygon[{{  0.1642, -0.3358,  0.0429},{  0.1505, -0.3495,  0.1505},{  0.2071, -0.2929,  0.2071}}],Polygon[{{  0.1213, -0.2929, -0.2071},{ -0.1287, -0.2500, -0.2500},{ -0.2363, -0.2363, -0.2363},{ -0.2500, -0.2500, -0.1287},{ -0.2071, -0.2929,  0.1213},{  0.0429, -0.3358,  0.1642},{  0.1505, -0.3495,  0.1505},{  0.1642, -0.3358,  0.0429}}],Polygon[{{  0.1213, -0.2071, -0.2929},{ -0.1287, -0.2500, -0.2500},{  0.1213, -0.2929, -0.2071}}],Polygon[{{  0.2071,  0.2071, -0.2929},{  0.1505,  0.1505, -0.3495},{  0.1642,  0.0429, -0.3358}}],Polygon[{{ -0.3358,  0.0429,  0.1642},{ -0.3495,  0.1505,  0.1505},{ -0.2929,  0.2071,  0.2071}}],Polygon[{{ -0.2071, -0.2929,  0.1213},{ -0.2500, -0.2500, -0.1287},{ -0.2929, -0.2071,  0.1213}}],Polygon[{{  0.2071, -0.2929,  0.2071},{  0.1505, -0.3495,  0.1505},{  0.0429, -0.3358,  0.1642}}]}]
Graphics3D[{Opacity[0.5],Polygon[{{ -0.2071, -0.2071,  0.2929},{ -0.2500, -0.2500,  0.1287},{ -0.2929, -0.2071, -0.1213},{ -0.2929, -0.1213, -0.2071},{ -0.2500,  0.1287, -0.2500},{ -0.2071,  0.2929, -0.2071},{ -0.1642,  0.3358, -0.0429},{ -0.1213,  0.2929,  0.2071},{ -0.1213,  0.2071,  0.2929},{ -0.1642, -0.0429,  0.3358}}],Polygon[{{ -0.2500, -0.2500,  0.1287},{ -0.2071, -0.2929, -0.1213},{ -0.1213, -0.2929, -0.2071},{  0.1287, -0.2500, -0.2500},{  0.2929, -0.2071, -0.2071},{  0.3358, -0.1642, -0.0429},{  0.2929, -0.1213,  0.2071},{  0.2071, -0.1213,  0.2929},{ -0.0429, -0.1642,  0.3358},{ -0.2071, -0.2071,  0.2929}}],Polygon[{{ -0.2929, -0.2071, -0.1213},{ -0.2071, -0.2929, -0.1213},{ -0.2500, -0.2500,  0.1287}}],Polygon[{{ -0.2929, -0.1213, -0.2071},{ -0.2071, -0.1213, -0.2929},{ -0.1213, -0.2071, -0.2929},{ -0.1213, -0.2929, -0.2071},{ -0.2071, -0.2929, -0.1213},{ -0.2929, -0.2071, -0.1213}}],Polygon[{{ -0.2500,  0.1287, -0.2500},{ -0.2071, -0.1213, -0.2929},{ -0.2929, -0.1213, -0.2071}}],Polygon[{{ -0.2071,  0.2929, -0.2071},{ -0.0429,  0.3358, -0.1642},{  0.2071,  0.2929, -0.1213},{  0.2929,  0.2071, -0.1213},{  0.3358, -0.0429, -0.1642},{  0.2929, -0.2071, -0.2071},{  0.1287, -0.2500, -0.2500},{ -0.1213, -0.2071, -0.2929},{ -0.2071, -0.1213, -0.2929},{ -0.2500,  0.1287, -0.2500}}],Polygon[{{ -0.1642,  0.3358, -0.0429},{ -0.1505,  0.3495, -0.1505},{ -0.2071,  0.2929, -0.2071}}],Polygon[{{ -0.1213,  0.2929,  0.2071},{  0.1287,  0.2500,  0.2500},{  0.2363,  0.2363,  0.2363},{  0.2500,  0.2500,  0.1287},{  0.2071,  0.2929, -0.1213},{ -0.0429,  0.3358, -0.1642},{ -0.1505,  0.3495, -0.1505},{ -0.1642,  0.3358, -0.0429}}],Polygon[{{ -0.1213,  0.2071,  0.2929},{  0.1287,  0.2500,  0.2500},{ -0.1213,  0.2929,  0.2071}}],Polygon[{{ -0.1642, -0.0429,  0.3358},{ -0.1505, -0.1505,  0.3495},{ -0.0429, -0.1642,  0.3358},{  0.2071, -0.1213,  0.2929},{  0.2500,  0.1287,  0.2500},{  0.2363,  0.2363,  0.2363},{  0.1287,  0.2500,  0.2500},{ -0.1213,  0.2071,  0.2929}}],Polygon[{{ -0.2071, -0.2071,  0.2929},{ -0.1505, -0.1505,  0.3495},{ -0.1642, -0.0429,  0.3358}}],Polygon[{{  0.1287, -0.2500, -0.2500},{ -0.1213, -0.2071, -0.2929},{ -0.1213, -0.2929, -0.2071}}],Polygon[{{  0.3358, -0.1642, -0.0429},{  0.3495, -0.1505, -0.1505},{  0.2929, -0.2071, -0.2071}}],Polygon[{{  0.2929, -0.1213,  0.2071},{  0.2500,  0.1287,  0.2500},{  0.2363,  0.2363,  0.2363},{  0.2500,  0.2500,  0.1287},{  0.2929,  0.2071, -0.1213},{  0.3358, -0.0429, -0.1642},{  0.3495, -0.1505, -0.1505},{  0.3358, -0.1642, -0.0429}}],Polygon[{{  0.2071, -0.1213,  0.2929},{  0.2500,  0.1287,  0.2500},{  0.2929, -0.1213,  0.2071}}],Polygon[{{ -0.2071, -0.2071,  0.2929},{ -0.1505, -0.1505,  0.3495},{ -0.0429, -0.1642,  0.3358}}],Polygon[{{ -0.0429,  0.3358, -0.1642},{ -0.1505,  0.3495, -0.1505},{ -0.2071,  0.2929, -0.2071}}],Polygon[{{  0.2929,  0.2071, -0.1213},{  0.2500,  0.2500,  0.1287},{  0.2071,  0.2929, -0.1213}}],Polygon[{{  0.2929, -0.2071, -0.2071},{  0.3495, -0.1505, -0.1505},{  0.3358, -0.0429, -0.1642}}]}]
Graphics3D[{Opacity[0.5],Polygon[{{  0.2071,  0.2071, -0.2929},{  0.2500,  0.2500, -0.1287},{  0.2071,  0.2929,  0.1213},{  0.1213,  0.2929,  0.2071},{ -0.1287,  0.2500,  0.2500},{ -0.2929,  0.2071,  0.2071},{ -0.3358,  0.1642,  0.0429},{ -0.2929,  0.1213, -0.2071},{ -0.2071,  0.1213, -0.2929},{  0.0429,  0.1642, -0.3358}}],Polygon[{{  0.2500,  0.2500, -0.1287},{  0.2929,  0.2071,  0.1213},{  0.2929,  0.1213,  0.2071},{  0.2500, -0.1287,  0.2500},{  0.2071, -0.2929,  0.2071},{  0.1642, -0.3358,  0.0429},{  0.1213, -0.2929, -0.2071},{  0.1213, -0.2071, -0.2929},{  0.1642,  0.0429, -0.3358},{  0.2071,  0.2071, -0.2929}}],Polygon[{{  0.2071,  0.2929,  0.1213},{  0.2929,  0.2071,  0.1213},{  0.2500,  0.2500, -0.1287}}],Polygon[{{  0.1213,  0.2929,  0.2071},{  0.1213,  0.2071,  0.2929},{  0.2071,  0.1213,  0.2929},{  0.2929,  0.1213,  0.2071},{  0.2929,  0.2071,  0.1213},{  0.2071,  0.2929,  0.1213}}],Polygon[{{ -0.1287,  0.2500,  0.2500},{  0.1213,  0.2071,  0.2929},{  0.1213,  0.2929,  0.2071}}],Polygon[{{ -0.2929,  0.2071,  0.2071},{ -0.3358,  0.0429,  0.1642},{ -0.2929, -0.2071,  0.1213},{ -0.2071, -0.2929,  0.1213},{  0.0429, -0.3358,  0.1642},{  0.2071, -0.2929,  0.2071},{  0.2500, -0.1287,  0.2500},{  0.2071,  0.1213,  0.2929},{  0.1213,  0.2071,  0.2929},{ -0.1287,  0.2500,  0.2500}}],Polygon[{{ -0.3358,  0.1642,  0.0429},{ -0.3495,  0.1505,  0.1505},{ -0.2929,  0.2071,  0.2071}}],Polygon[{{ -0.2929,  0.1213, -0.2071},{ -0.2500, -0.1287, -0.2500},{ -0.2363, -0.2363, -0.2363},{ -0.2500, -0.2500, -0.1287},{ -0.2929, -0.2071,  0.1213},{ -0.3358,  0.0429,  0.1642},{ -0.3495,  0.1505,  0.1505},{ -0.3358,  0.1642,  0.0429}}],Polygon[{{ -0.2071,  0.1213, -0.2929},{ -0.2500, -0.1287, -0.2500},{ -0.2929,  0.1213, -0.2071}}],Polygon[{{  0.0429,  0.1642, -0.3358},{  0.1505,  0.1505, -0.3495},{  0.1642,  0.0429, -0.3358},{  0.1213, -0.2071, -0.2929},{ -0.1287, -0.2500, -0.2500},{ -0.2363, -0.2363, -0.2363},{ -0.2500, -0.1287, -0.2500},{ -0.2071,  0.1213, -0.2929}}],Polygon[{{  0.2071,  0.2071, -0.2929},{  0.1505,  0.1505, -0.3495},{  0.0429,  0.1642, -0.3358}}],Polygon[{{  0.2500, -0.1287,  0.2500},{  0.2071,  0.1213,  0.2929},{  0.2929,  0.1213,  0.2071}}],Polygon[{{  0.1642, -0.3358,  0.0429},{  0.1505, -0.3495,  0.1505},{  0.2071, -0.2929,  0.2071}}],Polygon[{{  0.1213, -0.2929, -0.2071},{ -0.1287, -0.2500, -0.2500},{ -0.2363, -0.2363, -0.2363},{ -0.2500, -0.2500, -0.1287},{ -0.2071, -0.2929,  0.1213},{  0.0429, -0.3358,  0.1642},{  0.1505, -0.3495,  0.1505},{  0.1642, -0.3358,  0.0429}}],Polygon[{{  0.1213, -0.2071, -0.2929},{ -0.1287, -0.2500, -0.2500},{  0.1213, -0.2929, -0.2071}}],Polygon[{{  0.2071,  0.2071, -0.2929},{  0.1505,  0.1505, -0.3495},{  0.1642,  0.0429, -0.3358}}],Polygon[{{ -0.3358,  0.0429,  0.1642},{ -0.3495,  0.1505,  0.1505},{ -0.2929,  0.2071,  0.2071}}],Polygon[{{ -0.2071, -0.2929,  0.1213},{ -0.2500, -0.2500, -0.1287},{ -0.2929, -0.2071,  0.1213}}],Polygon[{{  0.2071, -0.2929,  0.2071},{  0.1505, -0.3495,  0.1505},{  0.0429, -0.3358,  0.1642}}]}]
Graphics3D[{Opacity[0.5],Polygon[{{ -0.2071, -0.2071,  0.2929},{ -0.2500, -0.2500,  0.1287},{ -0.2929, -0.2071, -0.1213},{ -0.2929, -0.1213, -0.2071},{ -0.2500,  0.1287, -0.2500},{ -0.2071,  0.2929, -0.2071},{ -0.1642,  0.3358, -0.0429},{ -0.1213,  0.2929,  0.2071},{ -0.1213,  0.2071,  0.2929},{ -0.1642, -0.0429,  0.3358}}],Polygon[{{ -0.2500, -0.2500,  0.1287},{ -0.2071, -0.2929, -0.1213},{ -0.1213, -0.2929, -0.2071},{  0.1287, -0.2500, -0.2500},{  0.2929, -0.2071, -0.2071},{  0.3358, -0.1642, -0.0429},{  0.2929, -0.1213,  0.2071},{  0.2071, -0.1213,  0.2929},{ -0.0429, -0.1642,  0.3358},{ -0.2071, -0.2071,  0.2929}}],Polygon[{{ -0.2929, -0.2071, -0.1213},{ -0.2071, -0.2929, -0.1213},{ -0.2500, -0.2500,  0.1287}}],Polygon[{{ -0.2929, -0.1213, -0.2071},{ -0.2071, -0.1213, -0.2929},{ -0.1213, -0.2071, -0.2929},{ -0.1213, -0.2929, -0.2071},{ -0.2071, -0.2929, -0.1213},{ -0.2929, -0.2071, -0.1213}}],Polygon[{{ -0.2500,  0.1287, -0.2500},{ -0.2071, -0.1213, -0.2929},{ -0.2929, -0.1213, -0.2071}}],Polygon[{{ -0.2071,  0.2929, -0.2071},{ -0.0429,  0.3358, -0.1642},{  0.2071,  0.2929, -0.1213},{  0.2929,  0.2071, -0.1213},{  0.3358, -0.0429, -0.1642},{  0.2929, -0.2071, -0.2071},{  0.1287, -0.2500, -0.2500},{ -0.1213, -0.2071, -0.2929},{ -0.2071, -0.1213, -0.2929},{ -0.2500,  0.1287, -0.2500}}],Polygon[{{ -0.1642,  0.3358, -0.0429},{ -0.1505,  0.3495, -0.1505},{ -0.2071,  0.2929, -0.2071}}],Polygon[{{ -0.1213,  0.2929,  0.2071},{  0.1287,  0.2500,  0.2500},{  0.2363,  0.2363,  0.2363},{  0.2500,  0.2500,  0.1287},{  0.2071,  0.2929, -0.1213},{ -0.0429,  0.3358, -0.1642},{ -0.1505,  0.3495, -0.1505},{ -0.1642,  0.3358, -0.0429}}],Polygon[{{ -0.1213,  0.2071,  0.2929},{  0.1287,  0.2500,  0.2500},{ -0.1213,  0.2929,  0.2071}}],Polygon[{{ -0.1642, -0.0429,  0.3358},{ -0.1505, -0.1505,  0.3495},{ -0.0429, -0.1642,  0.3358},{  0.2071, -0.1213,  0.2929},{  0.2500,  0.1287,  0.2500},{  0.2363,  0.2363,  0.2363},{  0.1287,  0.2500,  0.2500},{ -0.1213,  0.2071,  0.2929}}],Polygon[{{ -0.2071, -0.2071,  0.2929},{ -0.1505, -0.1505,  0.3495},{ -0.1642, -0.0429,  0.3358}}],Polygon[{{  0.1287, -0.2500, -0.2500},{ -0.1213, -0.2071, -0.2929},{ -0.1213, -0.2929, -0.2071}}],Polygon[{{  0.3358, -0.1642, -0.0429},{  0.3495, -0.1505, -0.1505},{  0.2929, -0.2071, -0.2071}}],Polygon[{{  0.2929, -0.1213,  0.2071},{  0.2500,  0.1287,  0.2500},{  0.2363,  0.2363,  0.2363},{  0.2500,  0.2500,  0.1287},{  0.2929,  0.2071, -0.1213},{  0.3358, -0.0429, -0.1642},{  0.3495, -0.1505, -0.1505},{  0.3358, -0.1642, -0.0429}}],Polygon[{{  0.2071, -0.1213,  0.2929},{  0.2500,  0.1287,  0.2500},{  0.2929, -0.1213,  0.2071}}],Polygon[{{ -0.2071, -0.2071,  0.2929},{ -0.1505, -0.1505,  0.3495},{ -0.0429, -0.1642,  0.3358}}],Polygon[{{ -0.0429,  0.3358, -0.1642},{ -0.1505,  0.3495, -0.1505},{ -0.2071,  0.2929, -0.2071}}],Polygon[{{  0.2929,  0.2071, -0.1213},{  0.2500,  0.2500,  0.1287},{  0.2071,  0.2929, -0.1213}}],Polygon[{{  0.2929, -0.2071, -0.2071},{  0.3495, -0.1505, -0.1505},{  0.3358, -0.0429, -0.1642}}]}]
Graphics3D[{Opacity[0.5],Polygon[{{  0.2071,  0.2071, -0.2929},{  0.2500,  0.2500, -0.1287},{  0.2071,  0.2929,  0.1213},{  0.1213,  0.2929,  0.2071},{ -0.1287,  0.2500,  0.2500},{ -0.2929,  0.2071,  0.2071},{ -0.3358,  0.1642,  0.0429},{ -0.2929,  0.1213, -0.2071},{ -0.2071,  0.1213, -0.2929},{  0.0429,  0.1642, -0.3358}}],Polygon[{{  0.2500,  0.2500, -0.1287},{  0.2929,  0.2071,  0.1213},{  0.2929,  0.1213,  0.2071},{  0.2500, -0.1287,  0.2500},{  0.2071, -0.2929,  0.2071},{  0.1642, -0.3358,  0.0429},{  0.1213, -0.2929, -0.2071},{  0.1213, -0.2071, -0.2929},{  0.1642,  0.0429, -0.3358},{  0.2071,  0.2071, -0.2929}}],Polygon[{{  0.2071,  0.2929,  0.1213},{  0.2929,  0.2071,  0.1213},{  0.2500,  0.2500, -0.1287}}],Polygon[{{  0.1213,  0.2929,  0.2071},{  0.1213,  0.2071,  0.2929},{  0.2071,  0.1213,  0.2929},{  0.2929,  0.1213,  0.2071},{  0.2929,  0.2071,  0.1213},{  0.2071,  0.2929,  0.1213}}],Polygon[{{ -0.1287,  0.2500,  0.2500},{  0.1213,  0.2071,  0.2929},{  0.1213,  0.2929,  0.2071}}],Polygon[{{ -0.2929,  0.2071,  0.2071},{ -0.3358,  0.0429,  0.1642},{ -0.2929, -0.2071,  0.1213},{ -0.2071, -0.2929,  0.1213},{  0.0429, -0.3358,  0.1642},{  0.2071, -0.2929,  0.2071},{  0.2500, -0.1287,  0.2500},{  0.2071,  0.1213,  0.2929},{  0.1213,  0.2071,  0.2929},{ -0.1287,  0.2500,  0.2500}}],Polygon[{{ -0.3358,  0.1642,  0.0429},{ -0.3495,  0.1505,  0.1505},{ -0.2929,  0.2071,  0.2071}}],Polygon[{{ -0.2929,  0.1213, -0.2071},{ -0.2500, -0.1287, -0.2500},{ -0.2363, -0.2363, -0.2363},{ -0.2500, -0.2500, -0.1287},{ -0.2929, -0.2071,  0.1213},{ -0.3358,  0.0429,  0.1642},{ -0.3495,  0.1505,  0.1505},{ -0.3358,  0.1642,  0.0429}}],Polygon[{{ -0.2071,  0.1213, -0.2929},{ -0.2500, -0.1287, -0.2500},{ -0.2929,  0.1213, -0.2071}}],Polygon[{{  0.0429,  0.1642, -0.3358},{  0.1505,  0.1505, -0.3495},{  0.1642,  0.0429, -0.3358},{  0.1213, -0.2071, -0.2929},{ -0.1287, -0.2500, -0.2500},{ -0.2363, -0.2363, -0.2363},{ -0.2500, -0.1287, -0.2500},{ -0.2071,  0.1213, -0.2929}}],Polygon[{{  0.2071,  0.2071, -0.2929},{  0.1505,  0.1505, -0.3495},{  0.0429,  0.1642, -0.3358}}],Polygon[{{  0.2500, -0.1287,  0.2500},{  0.2071,  0.1213,  0.2929},{  0.2929,  0.1213,  0.2071}}],Polygon[{{  0.1642, -0.3358,  0.0429},{  0.1505, -0.3495,  0.1505},{  0.2071, -0.2929,  0.2071}}],Polygon[{{  0.1213, -0.2929, -0.2071},{ -0.1287, -0.2500, -0.2500},{ -0.2363, -0.2363, -0.2363},{ -0.2500, -0.2500, -0.1287},{ -0.2071, -0.2929,  0.1213},{  0.0429, -0.3358,  0.1642},{  0.1505, -0.3495,  0.1505},{  0.1642, -0.3358,  0.0429}}],Polygon[{{  0.1213, -0.2071, -0.2929},{ -0.1287, -0.2500, -0.2500},{  0.1213, -0.2929, -0.2071}}],Polygon[{{  0.2071,  0.2071, -0.2929},{  0.1505,  0.1505, -0.3495},{  0.1642,  0.0429, -0.3358}}],Polygon[{{ -0.3358,  0.0429,  0.1642},{ -0.3495,  0.1505,  0.1505},{ -0.2929,  0.2071,  0.2071}}],Polygon[{{ -0.2071, -0.2929,  0.1213},{ -0.2500, -0.2500, -0.1287},{ -0.2929, -0.2071,  0.1213}}],Polygon[{{  0.2071, -0.2929,  0.2071},{  0.1505, -0.3495,  0.1505},{  0.0429, -0.3358,  0.1642}}]}]
Graphics3D[{Opacity[0.5],Polygon[{{ -0.2071, -0.2071,  0.2929},{ -0.2500, -0.2500,  0.1287},{ -0.2929, -0.2071, -0.1213},{ -0.2929, -0.1213, -0.2071},{ -0.2500,  0.1287, -0.2500},{ -0.2071,  0.2929, -0.2071},{ -0.1642,  0.3358, -0.0429},{ -0.1213,  0.2929,  0.2071},{ -0.1213,  0.2071,  0.2929},{ -0.1642, -0.0429,  0.3358}}],Polygon[{{ -0.2500, -0.2500,  0.1287},{ -0.2071, -0.2929, -0.1213},{ -0.1213, -0.2929, -0.2071},{  0.1287, -0.2500, -0.2500},{  0.2929, -0.2071, -0.2071},{  0.3358, -0.1642, -0.0429},{  0.2929, -0.1213,  0.2071},{  0.2071, -0.1213,  0.2929},{ -0.0429, -0.1642,  0.3358},{ -0.2071, -0.2071,  0.2929}}],Polygon[{{ -0.2929, -0.2071, -0.1213},{ -0.2071, -0.2929, -0.1213},{ -0.2500, -0.2500,  0.1287}}],Polygon[{{ -0.2929, -0.1213, -0.2071},{ -0.2071, -0.1213, -0.2929},{ -0.1213, -0.2071, -0.2929},{ -0.1213, -0.2929, -0.2071},{ -0.2071, -0.2929, -0.1213},{ -0.2929, -0.2071, -0.1213}}],Polygon[{{ -0.2500,  0.1287, -0.2500},{ -0.2071, -0.1213, -0.2929},{ -0.2929, -0.1213, -0.2071}}],Polygon[{{ -0.2071,  0.2929, -0.2071},{ -0.0429,  0.3358, -0.1642},{  0.2071,  0.2929, -0.1213},{  0.2929,  0.2071, -0.1213},{  0.3358, -0.0429, -0.1642},{  0.2929, -0.2071, -0.2071},{  0.1287, -0.2500, -0.2500},{ -0.1213, -0.2071, -0.2929},{ -0.2071, -0.1213, -0.2929},{ -0.2500,  0.1287, -0.2500}}],Polygon[{{ -0.1642,  0.3358, -0.0429},{ -0.1505,  0.3495, -0.1505},{ -0.2071,  0.2929, -0.2071}}],Polygon[{{ -0.1213,  0.2929,  0.2071},{  0.1287,  0.2500,  0.2500},{  0.2363,  0.2363,  0.2363},{  0.2500,  0.2500,  0.1287},{  0.2071,  0.2929, -0.1213},{ -0.0429,  0.3358, -0.1642},{ -0.1505,  0.3495, -0.1505},{ -0.1642,  0.3358, -0.0429}}],Polygon[{{ -0.1213,  0.2071,  0.2929},{  0.1287,  0.2500,  0.2500},{ -0.1213,  0.2929,  0.2071}}],Polygon[{{ -0.1642, -0.0429,  0.3358},{ -0.1505, -0.1505,  0.3495},{ -0.0429, -0.1642,  0.3358},{  0.2071, -0.1213,  0.2929},{  0.2500,  0.1287,  0.2500},{  0.2363,  0.2363,  0.2363},{  0.1287,  0.2500,  0.2500},{ -0.1213,  0.2071,  0.2929}}],Polygon[{{ -0.2071, -0.2071,  0.2929},{ -0.1505, -0.1505,  0.3495},{ -0.1642, -0.0429,  0.3358}}],Polygon[{{  0.1287, -0.2500, -0.2500},{ -0.1213, -0.2071, -0.2929},{ -0.1213, -0.2929, -0.2071}}],Polygon[{{  0.3358, -0.1642, -0.0429},{  0.3495, -0.1505, -0.1505},{  0.2929, -0.2071, -0.2071}}],Polygon[{{  0.2929, -0.1213,  0.2071},{  0.2500,  0.1287,  0.2500},{  0.2363,  0.2363,  0.2363},{  0.2500,  0.2500,  0.1287},{  0.2929,  0.2071, -0.1213},{  0.3358, -0.0429, -0.1642},{  0.3495, -0.1505, -0.1505},{  0.3358, -0.1642, -0.0429}}],Polygon[{{  0.2071, -0.1213,  0.2929},{  0.2500,  0.1287,  0.2500},{  0.2929, -0.1213,  0.2071}}],Polygon[{{ -0.2071, -0.2071,  0.2929},{ -0.1505, -0.1505,  0.3495},{ -0.0429, -0.1642,  0.3358}}],Polygon[{{ -0.0429,  0.3358, -0.1642},{ -0.1505,  0.3495, -0.1505},{ -0.2071,  0.2929, -0.2071}}],Polygon[{{  0.2929,  0.2071, -0.1213},{  0.2500,  0.2500,  0.1287},{  0.2071,  0.2929, -0.1213}}],Polygon[{{  0.2929, -0.2071, -0.2071},{  0.3495, -0.1505, -0.1505},{  0.3358, -0.0429, -0.1642}}]}]
Graphics3D[{Opacity[0.5],Polygon[{{  0.2071,  0.2071, -0.2929},{  0.2500,  0.2500, -0.1287},{  0.2071,  0.2929,  0.1213},{  0.1213,  0.2929,  0.2071},{ -0.1287,  0.2500,  0.2500},{ -0.2929,  0.2071,  0.2071},{ -0.3358,  0.1642,  0.0429},{ -0.2929,  0.1213, -0.2071},{ -0.2071,  0.1213, -0.2929},{  0.0429,  0.1642, -0.3358}}],Polygon[{{  0.2500,  0.2500, -0.1287},{  0.2929,  0.2071,  0.1213},{  0.2929,  0.1213,  0.2071},{  0.2500, -0.1287,  0.2500},{  0.2071, -0.2929,  0.2071},{  0.1642, -0.3358,  0.0429},{  0.1213, -0.2929, -0.2071},{  0.1213, -0.2071, -0.2929},{  0.1642,  0.0429, -0.3358},{  0.2071,  0.2071, -0.2929}}],Polygon[{{  0.2071,  0.2929,  0.1213},{  0.2929,  0.2071,  0.1213},{  0.2500,  0.2500, -0.1287}}],Polygon[{{  0.1213,  0.2929,  0.2071},{  0.1213,  0.2071,  0.2929},{  0.2071,  0.1213,  0.2929},{  0.2929,  0.1213,  0.2071},{  0.2929,  0.2071,  0.1213},{  0.2071,  0.2929,  0.1213}}],Polygon[{{ -0.1287,  0.2500,  0.2500},{  0.1213,  0.2071,  0.2929},{  0.1213,  0.2929,  0.2071}}],Polygon[{{ -0.2929,  0.2071,  0.2071},{ -0.3358,  0.0429,  0.1642},{ -0.2929, -0.2071,  0.1213},{ -0.2071, -0.2929,  0.1213},{  0.0429, -0.3358,  0.1642},{  0.2071, -0.2929,  0.2071},{  0.2500, -0.1287,  0.2500},{  0.2071,  0.1213,  0.2929},{  0.1213,  0.2071,  0.2929},{ -0.1287,  0.2500,  0.2500}}],Polygon[{{ -0.3358,  0.1642,  0.0429},{ -0.3495,  0.1505,  0.1505},{ -0.2929,  0.2071,  0.2071}}],Polygon[{{ -0.2929,  0.1213, -0.2071},{ -0.2500, -0.1287, -0.2500},{ -0.2363, -0.2363, -0.2363},{ -0.2500, -0.2500, -0.1287},{ -0.2929, -0.2071,  0.1213},{ -0.3358,  0.0429,  0.1642},{ -0.3495,  0.1505,  0.1505},{ -0.3358,  0.1642,  0.0429}}],Polygon[{{ -0.2071,  0.1213, -0.2929},{ -0.2500, -0.1287, -0.2500},{ -0.2929,  0.1213, -0.2071}}],Polygon[{{  0.0429,  0.1642, -0.3358},{  0.1505,  0.1505, -0.3495},{  0.1642,  0.0429, -0.3358},{  0.1213, -0.2071, -0.2929},{ -0.1287, -0.2500, -0.2500},{ -0.2363, -0.2363, -0.2363},{ -0.2500, -0.1287, -0.2500},{ -0.2071,  0.1213, -0.2929}}],Polygon[{{  0.2071,  0.2071, -0.2929},{  0.1505,  0.1505, -0.3495},{  0.0429,  0.1642, -0.3358}}],Polygon[{{  0.2500, -0.1287,  0.2500},{  0.2071,  0.1213,  0.2929},{  0.2929,  0.1213,  0.2071}}],Polygon[{{  0.1642, -0.3358,  0.0429},{  0.1505, -0.3495,  0.1505},{  0.2071, -0.2929,  0.2071}}],Polygon[{{  0.1213, -0.2929, -0.2071},{ -0.1287, -0.2500, -0.2500},{ -0.2363, -0.2363, -0.2363},{ -0.2500, -0.2500, -0.1287},{ -0.2071, -0.2929,  0.1213},{  0.0429, -0.3358,  0.1642},{  0.1505, -0.3495,  0.1505},{  0.1642, -0.3358,  0.0429}}],Polygon[{{  0.1213, -0.2071, -0.2929},{ -0.1287, -0.2500, -0.2500},{  0.1213, -0.2929, -0.2071}}],Polygon[{{  0.2071,  0.2071, -0.2929},{  0.1505,  0.1505, -0.3495},{  0.1642,  0.0429, -0.3358}}],Polygon[{{ -0.3358,  0.0429,  0.1642},{ -0.3495,  0.1505,  0.1505},{ -0.2929,  0.2071,  0.2071}}],Polygon[{{ -0.2071, -0.2929,  0.1213},{ -0.2500, -0.2500, -0.1287},{ -0.2929, -0.2071,  0.1213}}],Polygon[{{  0.2071, -0.2929,  0.2071},{  0.1505, -0.3495,  0.1505},{  0.0429, -0.3358,  0.1642}}]}]
Graphics3D[{Opacity[0.5],Polygon[{{ -0.2071, -0.2071,  0.2929},{ -0.2500, -0.2500,  0.1287},{ -0.2929, -0.2071, -0.1213},{ -0.2929, -0.1213, -0.2071},{ -0.2500,  0.1287, -0.2500},{ -0.2071,  0.2929, -0.2071},{ -0.1642,  0.3358, -0.0429},{ -0.1213,  0.2929,  0.2071},{ -0.1213,  0.2071,  0.2929},{ -0.1642, -0.0429,  0.3358}}],Polygon[{{ -0.2500, -0.2500,  0.1287},{ -0.2071, -0.2929, -0.1213},{ -0.1213, -0.2929, -0.2071},{  0.1287, -0.2500, -0.2500},{  0.2929, -0.2071, -0.2071},{  0.3358, -0.1642, -0.0429},{  0.2929, -0.1213,  0.2071},{  0.2071, -0.1213,  0.2929},{ -0.0429, -0.1642,  0.3358},{ -0.2071, -0.2071,  0.2929}}],Polygon[{{ -0.2929, -0.2071, -0.1213},{ -0.2071, -0.2929, -0.1213},{ -0.2500, -0.2500,  0.1287}}],Polygon[{{ -0.2929, -0.1213, -0.2071},{ -0.2071, -0.1213, -0.2929},{ -0.1213, -0.2071, -0.2929},{ -0.1213, -0.2929, -0.2071},{ -0.2071, -0.2929, -0.1213},{ -0.2929, -0.2071, -0.1213}}],Polygon[{{ -0.2500,  0.1287, -0.2500},{ -0.2071, -0.1213, -0.2929},{ -0.2929, -0.1213, -0.2071}}],Polygon[{{ -0.2071,  0.2929, -0.2071},{ -0.0429,  0.3358, -0.1642},{  0.2071,  0.2929, -0.1213},{  0.2929,  0.2071, -0.1213},{  0.3358, -0.0429, -0.1642},{  0.2929, -0.2071, -0.2071},{  0.1287, -0.2500, -0.2500},{ -0.1213, -0.2071, -0.2929},{ -0.2071, -0.1213, -0.2929},{ -0.2500,  0.1287, -0.2500}}],Polygon[{{ -0.1642,  0.3358, -0.0429},{ -0.1505,  0.3495, -0.1505},{ -0.2071,  0.2929, -0.2071}}],Polygon[{{ -0.1213,  0.2929,  0.2071},{  0.1287,  0.2500,  0.2500},{  0.2363,  0.2363,  0.2363},{  0.2500,  0.2500,  0.1287},{  0.2071,  0.2929, -0.1213},{ -0.0429,  0.3358, -0.1642},{ -0.1505,  0.3495, -0.1505},{ -0.1642,  0.3358, -0.0429}}],Polygon[{{ -0.1213,  0.2071,  0.2929},{  0.1287,  0.2500,  0.2500},{ -0.1213,  0.2929,  0.2071}}],Polygon[{{ -0.1642, -0.0429,  0.3358},{ -0.1505, -0.1505,  0.3495},{ -0.0429, -0.1642,  0.3358},{  0.2071, -0.1213,  0.2929},{  0.2500,  0.1287,  0.2500},{  0.2363,  0.2363,  0.2363},{  0.1287,  0.2500,  0.2500},{ -0.1213,  0.2071,  0.2929}}],Polygon[{{ -0.2071, -0.2071,  0.2929},{ -0.1505, -0.1505,  0.3495},{ -0.1642, -0.0429,  0.3358}}],Polygon[{{  0.1287, -0.2500, -0.2500},{ -0.1213, -0.2071, -0.2929},{ -0.1213, -0.2929, -0.2071}}],Polygon[{{  0.3358, -0.1642, -0.0429},{  0.3495, -0.1505, -0.1505},{  0.2929, -0.2071, -0.2071}}],Polygon[{{  0.2929, -0.1213,  0.2071},{  0.2500,  0.1287,  0.2500},{  0.2363,  0.2363,  0.2363},{  0.2500,  0.2500,  0.1287},{  0.2929,  0.2071, -0.1213},{  0.3358, -0.0429, -0.1642},{  0.3495, -0.1505, -0.1505},{  0.3358, -0.1642, -0.0429}}],Polygon[{{  0.2071, -0.1213,  0.2929},{  0.2500,  0.1287,  0.2500},{  0.2929, -0.1213,  0.2071}}],Polygon[{{ -0.2071, -0.2071,  0.2929},{ -0.1505, -0.1505,  0.3495},{ -0.0429, -0.1642,  0.3358}}],Polygon[{{ -0.0429,  0.3358, -0.1642},{ -0.1505,  0.3495, -0.1505},{ -0.2071,  0.2929, -0.2071}}],Polygon[{{  0.2929,  0.2071, -0.1213},{  0.2500,  0.2500,  0.1287},{  0.2071,  0.2929, -0.1213}}],Polygon[{{  0.2929, -0.2071, -0.2071},{  0.3495, -0.1505, -0.1505},{  0.3358, -0.0429, -0.1642}}]}]
