Graphics3D[{Opacity[0.5],Polygon[{{  0.1768,  0.5303, -0.1768},{ -0.1768,  0.5303,  0.1768},{ -0.1768,  0.1768,  0.5303},{  0.1768, -0.1768,  0.5303},{  0.5303, -0.1768,  0.1768},{  0.5303,  0.1768, -0.1768}}],Polygon[{{ -0.1768,  0.5303,  0.1768},{ -0.5303,  0.1768,  0.1768},{ -0.5303, -0.1768, -0.1768},{ -0.1768, -0.1768, -0.5303},{  0.1768,  0.1768, -0.5303},{  0.1768,  0.5303, -0.1768}}],Polygon[{{ -0.1768,  0.1768,  0.5303},{ -0.3536,  0.3536,  0.3536},{ -0.1768,  0.5303,  0.1768}}],Polygon[{{  0.1768, -0.1768,  0.5303},{  0.1768, -0.5303,  0.1768},{ -0.1768, -0.5303, -0.1768},{ -0.5303, -0.1768, -0.1768},{ -0.5303,  0.1768,  0.1768},{ -0.1768,  0.1768,  0.5303}}],Polygon[{{  0.5303, -0.1768,  0.1768},{  0.3536, -0.3536,  0.3536},{  0.1768, -0.1768,  0.5303}}],Polygon[{{  0.5303,  0.1768, -0.1768},{  0.1768,  0.1768, -0.5303},{ -0.1768, -0.1768, -0.5303},{ -0.1768, -0.5303, -0.1768},{  0.1768, -0.5303,  0.1768},{  0.5303, -0.1768,  0.1768}}],Polygon[{{  0.1768,  0.5303, -0.1768},{  0.3536,  0.3536, -0.3536},{  0.5303,  0.1768, -0.1768}}],Polygon[{{ -0.5303,  0.1768,  0.1768},{ -0.3536,  0.3536,  0.3536},{ -0.1768,  0.5303,  0.1768}}],Polygon[{{ -0.1768, -0.1768, -0.5303},{ -0.3536, -0.3536, -0.3536},{ -0.5303, -0.1768, -0.1768}}],Polygon[{{  0.1768,  0.5303, -0.1768},{  0.3536,  0.3536, -0.3536},{  0.1768,  0.1768, -0.5303}}],Polygon[{{ -0.3536,  0.3536,  0.3536},{ -0.5303,  0.1768,  0.1768},{ -0.1768,  0.1768,  0.5303}}],Polygon[{{  0.1768, -0.5303,  0.1768},{  0.3536, -0.3536,  0.3536},{  0.1768, -0.1768,  0.5303}}],Polygon[{{ -0.5303, -0.1768, -0.1768},{ -0.3536, -0.3536, -0.3536},{ -0.1768, -0.5303, -0.1768}}],Polygon[{{  0.3536, -0.3536,  0.3536},{  0.1768, -0.5303,  0.1768},{  0.5303, -0.1768,  0.1768}}],Polygon[{{  0.1768,  0.1768, -0.5303},{  0.3536,  0.3536, -0.3536},{  0.5303,  0.1768, -0.1768}}],Polygon[{{ -0.1768, -0.5303, -0.1768},{ -0.3536, -0.3536, -0.3536},{ -0.1768, -0.1768, -0.5303}}]}]
Graphics3D[{Opacity[0.5],Polygon[{{  0.1768,  0.5303, -0.1768},{ -0.1768,  0.5303,  0.1768},{ -0.1768,  0.1768,  0.5303},{  0.1768, -0.1768,  0.5303},{  0.5303, -0.1768,  0.1768},{  0.5303,  0.1768, -0.1768}}],Polygon[{{ -0.1768,  0.5303,  0.1768},{ -0.5303,  0.1768,  0.1768},{ -0.5303, -0.1768, -0.1768},{ -0.1768, -0.1768, -0.5303},{  0.1768,  0.1768, -0.5303},{  0.1768,  0.5303, -0.1768}}],Polygon[{{ -0.1768,  0.1768,  0.5303},{ -0.3536,  0.3536,  0.3536},{ -0.1768,  0.5303,  0.1768}}],Polygon[{{  0.1768, -0.1768,  0.5303},{  0.1768, -0.5303,  0.1768},{ -0.1768, -0.5303, -0.1768},{ -0.5303, -0.1768, -0.1768},{ -0.5303,  0.1768,  0.1768},{ -0.1768,  0.1768,  0.5303}}],Polygon[{{  0.5303, -0.1768,  0.1768},{  0.3536, -0.3536,  0.3536},{  0.1768, -0.1768,  0.5303}}],Polygon[{{  0.5303,  0.1768, -0.1768},{  0.1768,  0.1768, -0.5303},{ -0.1768, -0.1768, -0.5303},{ -0.1768, -0.5303, -0.1768},{  0.1768, -0.5303,  0.1768},{  0.5303, -0.1768,  0.1768}}],Polygon[{{  0.1768,  0.5303, -0.1768},{  0.3536,  0.3536, -0.3536},{  0.5303,  0.1768, -0.1768}}],Polygon[{{ -0.5303,  0.1768,  0.1768},{ -0.3536,  0.3536,  0.3536},{ -0.1768,  0.5303,  0.1768}}],Polygon[{{ -0.1768, -0.1768, -0.5303},{ -0.3536, -0.3536, -0.3536},{ -0.5303, -0.1768, -0.1768}}],Polygon[{{  0.1768,  0.5303, -0.1768},{  0.3536,  0.3536, -0.3536},{  0.1768,  0.1768, -0.5303}}],Polygon[{{ -0.3536,  0.3536,  0.3536},{ -0.5303,  0.1768,  0.1768},{ -0.1768,  0.1768,  0.5303}}],Polygon[{{  0.1768, -0.5303,  0.1768},{  0.3536, -0.3536,  0.3536},{  0.1768, -0.1768,  0.5303}}],Polygon[{{ -0.5303, -0.1768, -0.1768},{ -0.3536, -0.3536, -0.3536},{ -0.1768, -0.5303, -0.1768}}],Polygon[{{  0.3536, -0.3536,  0.3536},{  0.1768, -0.5303,  0.1768},{  0.5303, -0.1768,  0.1768}}],Polygon[{{  0.1768,  0.1768, -0.5303},{  0.3536,  0.3536, -0.3536},{  0.5303,  0.1768, -0.1768}}],Polygon[{{ -0.1768, -0.5303, -0.1768},{ -0.3536, -0.3536, -0.3536},{ -0.1768, -0.1768, -0.5303}}]}]
Graphics3D[{Opacity[0.5],Polygon[{{  0.1768,  0.5303, -0.1768},{ -0.1768,  0.5303,  0.1768},{ -0.1768,  0.1768,  0.5303},{  0.1768, -0.1768,  0.5303},{  0.5303, -0.1768,  0.1768},{  0.5303,  0.1768, -0.1768}}],Polygon[{{ -0.1768,  0.5303,  0.1768},{ -0.5303,  0.1768,  0.1768},{ -0.5303, -0.1768, -0.1768},{ -0.1768, -0.1768, -0.5303},{  0.1768,  0.1768, -0.5303},{  0.1768,  0.5303, -0.1768}}],Polygon[{{ -0.1768,  0.1768,  0.5303},{ -0.3536,  0.3536,  0.3536},{ -0.1768,  0.5303,  0.1768}}],Polygon[{{  0.1768, -0.1768,  0.5303},{  0.1768, -0.5303,  0.1768},{ -0.1768, -0.5303, -0.1768},{ -0.5303, -0.1768, -0.1768},{ -0.5303,  0.1768,  0.1768},{ -0.1768,  0.1768,  0.5303}}],Polygon[{{  0.5303, -0.1768,  0.1768},{  0.3536, -0.3536,  0.3536},{  0.1768, -0.1768,  0.5303}}],Polygon[{{  0.5303,  0.1768, -0.1768},{  0.1768,  0.1768, -0.5303},{ -0.1768, -0.1768, -0.5303},{ -0.1768, -0.5303, -0.1768},{  0.1768, -0.5303,  0.1768},{  0.5303, -0.1768,  0.1768}}],Polygon[{{  0.1768,  0.5303, -0.1768},{  0.3536,  0.3536, -0.3536},{  0.5303,  0.1768, -0.1768}}],Polygon[{{ -0.5303,  0.1768,  0.1768},{ -0.3536,  0.3536,  0.3536},{ -0.1768,  0.5303,  0.1768}}],Polygon[{{ -0.1768, -0.1768, -0.5303},{ -0.3536, -0.3536, -0.3536},{ -0.5303, -0.1768, -0.1768}}],Polygon[{{  0.1768,  0.5303, -0.1768},{  0.3536,  0.3536, -0.3536},{  0.1768,  0.1768, -0.5303}}],Polygon[{{ -0.3536,  0.3536,  0.3536},{ -0.5303,  0.1768,  0.1768},{ -0.1768,  0.1768,  0.5303}}],Polygon[{{  0.1768, -0.5303,  0.1768},{  0.3536, -0.3536,  0.3536},{  0.1768, -0.1768,  0.5303}}],Polygon[{{ -0.5303, -0.1768, -0.1768},{ -0.3536, -0.3536, -0.3536},{ -0.1768, -0.5303, -0.1768}}],Polygon[{{  0.3536, -0.3536,  0.3536},{  0.1768, -0.5303,  0.1768},{  0.5303, -0.1768,  0.1768}}],Polygon[{{  0.1768,  0.1768, -0.5303},{  0.3536,  0.3536, -0.3536},{  0.5303,  0.1768, -0.1768}}],Polygon[{{ -0.1768, -0.5303, -0.1768},{ -0.3536, -0.3536, -0.3536},{ -0.1768, -0.1768, -0.5303}}]}]
Graphics3D[{Opacity[0.5],Polygon[{{ -0.1768,  0.5303, -0.1768},{  0.1768,  0.5303,  0.1768},{  0.1768,  0.1768,  0.5303},{ -0.1768, -0.1768,  0.5303},{ -0.5303, -0.1768,  0.1768},{ -0.5303,  0.1768, -0.1768}}],Polygon[{{  0.1768,  0.5303,  0.1768},{  0.5303,  0.1768,  0.1768},{  0.5303, -0.1768, -0.1768},{  0.1768, -0.1768, -0.5303},{ -0.1768,  0.1768, -0.5303},{ -0.1768,  0.5303, -0.1768}}],Polygon[{{  0.1768,  0.1768,  0.5303},{  0.3536,  0.3536,  0.3536},{  0.1768,  0.5303,  0.1768}}],Polygon[{{ -0.1768, -0.1768,  0.5303},{ -0.1768, -0.5303,  0.1768},{  0.1768, -0.5303, -0.1768},{  0.5303, -0.1768, -0.1768},{  0.5303,  0.1768,  0.1768},{  0.1768,  0.1768,  0.5303}}],Polygon[{{ -0.5303, -0.1768,  0.1768},{ -0.3536, -0.3536,  0.3536},{ -0.1768, -0.1768,  0.5303}}],Polygon[{{ -0.5303,  0.1768, -0.1768},{ -0.1768,  0.1768, -0.5303},{  0.1768, -0.1768, -0.5303},{  0.1768, -0.5303, -0.1768},{ -0.1768, -0.5303,  0.1768},{ -0.5303, -0.1768,  0.1768}}],Polygon[{{ -0.1768,  0.5303, -0.1768},{ -0.3536,  0.3536, -0.3536},{ -0.5303,  0.1768, -0.1768}}],Polygon[{{  0.5303,  0.1768,  0.1768},{  0.3536,  0.3536,  0.3536},{  0.1768,  0.5303,  0.1768}}],Polygon[{{  0.1768, -0.1768, -0.5303},{  0.3536, -0.3536, -0.3536},{  0.5303, -0.1768, -0.1768}}],Polygon[{{ -0.1768,  0.5303, -0.1768},{ -0.3536,  0.3536, -0.3536},{ -0.1768,  0.1768, -0.5303}}],Polygon[{{  0.3536,  0.3536,  0.3536},{  0.5303,  0.1768,  0.1768},{  0.1768,  0.1768,  0.5303}}],Polygon[{{ -0.1768, -0.5303,  0.1768},{ -0.3536, -0.3536,  0.3536},{ -0.1768, -0.1768,  0.5303}}],Polygon[{{  0.5303, -0.1768, -0.1768},{  0.3536, -0.3536, -0.3536},{  0.1768, -0.5303, -0.1768}}],Polygon[{{ -0.3536, -0.3536,  0.3536},{ -0.1768, -0.5303,  0.1768},{ -0.5303, -0.1768,  0.1768}}],Polygon[{{ -0.1768,  0.1768, -0.5303},{ -0.3536,  0.3536, -0.3536},{ -0.5303,  0.1768, -0.1768}}],Polygon[{{  0.1768, -0.5303, -0.1768},{  0.3536, -0.3536, -0.3536},{  0.1768, -0.1768, -0.5303}}]}]
Graphics3D[{Opacity[0.5],Polygon[{{ -0.1768,  0.5303, -0.1768},{  0.1768,  0.5303,  0.1768},{  0.1768,  0.1768,  0.5303},{ -0.1768, -0.1768,  0.5303},{ -0.5303, -0.1768,  0.1768},{ -0.5303,  0.1768, -0.1768}}],Polygon[{{  0.1768,  0.5303,  0.1768},{  0.5303,  0.1768,  0.1768},{  0.5303, -0.1768, -0.1768},{  0.1768, -0.1768, -0.5303},{ -0.1768,  0.1768, -0.5303},{ -0.1768,  0.5303, -0.1768}}],Polygon[{{  0.1768,  0.1768,  0.5303},{  0.3536,  0.3536,  0.3536},{  0.1768,  0.5303,  0.1768}}],Polygon[{{ -0.1768, -0.1768,  0.5303},{ -0.1768, -0.5303,  0.1768},{  0.1768, -0.5303, -0.1768},{  0.5303, -0.1768, -0.1768},{  0.5303,  0.1768,  0.1768},{  0.1768,  0.1768,  0.5303}}],Polygon[{{ -0.5303, -0.1768,  0.1768},{ -0.3536, -0.3536,  0.3536},{ -0.1768, -0.1768,  0.5303}}],Polygon[{{ -0.5303,  0.1768, -0.1768},{ -0.1768,  0.1768, -0.5303},{  0.1768, -0.1768, -0.5303},{  0.1768, -0.5303, -0.1768},{ -0.1768, -0.5303,  0.1768},{ -0.5303, -0.1768,  0.1768}}],Polygon[{{ -0.1768,  0.5303, -0.1768},{ -0.3536,  0.3536, -0.3536},{ -0.5303,  0.1768, -0.1768}}],Polygon[{{  0.5303,  0.1768,  0.1768},{  0.3536,  0.3536,  0.3536},{  0.1768,  0.5303,  0.1768}}],Polygon[{{  0.1768, -0.1768, -0.5303},{  0.3536, -0.3536, -0.3536},{  0.5303, -0.1768, -0.1768}}],Polygon[{{ -0.1768,  0.5303, -0.1768},{ -0.3536,  0.3536, -0.3536},{ -0.1768,  0.1768, -0.5303}}],Polygon[{{  0.3536,  0.3536,  0.3536},{  0.5303,  0.1768,  0.1768},{  0.1768,  0.1768,  0.5303}}],Polygon[{{ -0.1768, -0.5303,  0.1768},{ -0.3536, -0.3536,  0.3536},{ -0.1768, -0.1768,  0.5303}}],Polygon[{{  0.5303, -0.1768, -0.1768},{  0.3536, -0.3536, -0.3536},{  0.1768, -0.5303, -0.1768}}],Polygon[{{ -0.3536, -0.3536,  0.3536},{ -0.1768, -0.5303,  0.1768},{ -0.5303, -0.1768,  0.1768}}],Polygon[{{ -0.1768,  0.1768, -0.5303},{ -0.3536,  0.3536, -0.3536},{ -0.5303,  0.1768, -0.1768}}],Polygon[{{  0.1768, -0.5303, -0.1768},{  0.3536, -0.3536, -0.3536},{  0.1768, -0.1768, -0.5303}}]}]
Graphics3D[{Opacity[0.5],Polygon[{{ -0.1768,  0.5303, -0.1768},{  0.1768,  0.5303,  0.1768},{  0.1768,  0.1768,  0.5303},{ -0.1768, -0.1768,  0.5303},{ -0.5303, -0.1768,  0.1768},{ -0.5303,  0.1768, -0.1768}}],Polygon[{{  0.1768,  0.5303,  0.1768},{  0.5303,  0.1768,  0.1768},{  0.5303, -0.1768, -0.1768},{  0.1768, -0.1768, -0.5303},{ -0.1768,  0.1768, -0.5303},{ -0.1768,  0.5303, -0.1768}}],Polygon[{{  0.1768,  0.1768,  0.5303},{  0.3536,  0.3536,  0.3536},{  0.1768,  0.5303,  0.1768}}],Polygon[{{ -0.1768, -0.1768,  0.5303},{ -0.1768, -0.5303,  0.1768},{  0.1768, -0.5303, -0.1768},{  0.5303, -0.1768, -0.1768},{  0.5303,  0.1768,  0.1768},{  0.1768,  0.1768,  0.5303}}],Polygon[{{ -0.5303, -0.1768,  0.1768},{ -0.3536, -0.3536,  0.3536},{ -0.1768, -0.1768,  0.5303}}],Polygon[{{ -0.5303,  0.1768, -0.1768},{ -0.1768,  0.1768, -0.5303},{  0.1768, -0.1768, -0.5303},{  0.1768, -0.5303, -0.1768},{ -0.1768, -0.5303,  0.1768},{ -0.5303, -0.1768,  0.1768}}],Polygon[{{ -0.1768,  0.5303, -0.1768},{ -0.3536,  0.3536, -0.3536},{ -0.5303,  0.1768, -0.1768}}],Polygon[{{  0.5303,  0.1768,  0.1768},{  0.3536,  0.3536,  0.3536},{  0.1768,  0.5303,  0.1768}}],Polygon[{{  0.1768, -0.1768, -0.5303},{  0.3536, -0.3536, -0.3536},{  0.5303, -0.1768, -0.1768}}],Polygon[{{ -0.1768,  0.5303, -0.1768},{ -0.3536,  0.3536, -0.3536},{ -0.1768,  0.1768, -0.5303}}],Polygon[{{  0.3536,  0.3536,  0.3536},{  0.5303,  0.1768,  0.1768},{  0.1768,  0.1768,  0.5303}}],Polygon[{{ -0.1768, -0.5303,  0.1768},{ -0.3536, -0.3536,  0.3536},{ -0.1768, -0.1768,  0.5303}}],Polygon[{{  0.5303, -0.1768, -0.1768},{  0.3536, -0.3536, -0.3536},{  0.1768, -0.5303, -0.1768}}],Polygon[{{ -0.3536, -0.3536,  0.3536},{ -0.1768, -0.5303,  0.1768},{ -0.5303, -0.1768,  0.1768}}],Polygon[{{ -0.1768,  0.1768, -0.5303},{ -0.3536,  0.3536, -0.3536},{ -0.5303,  0.1768, -0.1768}}],Polygon[{{  0.1768, -0.5303, -0.1768},{  0.3536, -0.3536, -0.3536},{  0.1768, -0.1768, -0.5303}}]}]
Graphics3D[{Opacity[0.5],Polygon[{{  0.1768,  0.5303, -0.1768},{ -0.1768,  0.5303,  0.1768},{ -0.1768,  0.1768,  0.5303},{  0.1768, -0.1768,  0.5303},{  0.5303, -0.1768,  0.1768},{  0.5303,  0.1768, -0.1768}}],Polygon[{{ -0.1768,  0.5303,  0.1768},{ -0.5303,  0.1768,  0.1768},{ -0.5303, -0.1768, -0.1768},{ -0.1768, -0.1768, -0.5303},{  0.1768,  0.1768, -0.5303},{  0.1768,  0.5303, -0.1768}}],Polygon[{{ -0.1768,  0.1768,  0.5303},{ -0.3536,  0.3536,  0.3536},{ -0.1768,  0.5303,  0.1768}}],Polygon[{{  0.1768, -0.1768,  0.5303},{  0.1768, -0.5303,  0.1768},{ -0.1768, -0.5303, -0.1768},{ -0.5303, -0.1768, -0.1768},{ -0.5303,  0.1768,  0.1768},{ -0.1768,  0.1768,  0.5303}}],Polygon[{{  0.5303, -0.1768,  0.1768},{  0.3536, -0.3536,  0.3536},{  0.1768, -0.1768,  0.5303}}],Polygon[{{  0.5303,  0.1768, -0.1768},{  0.1768,  0.1768, -0.5303},{ -0.1768, -0.1768, -0.5303},{ -0.1768, -0.5303, -0.1768},{  0.1768, -0.5303,  0.1768},{  0.5303, -0.1768,  0.1768}}],Polygon[{{  0.1768,  0.5303, -0.1768},{  0.3536,  0.3536, -0.3536},{  0.5303,  0.1768, -0.1768}}],Polygon[{{ -0.5303,  0.1768,  0.1768},{ -0.3536,  0.3536,  0.3536},{ -0.1768,  0.5303,  0.1768}}],Polygon[{{ -0.1768, -0.1768, -0.5303},{ -0.3536, -0.3536, -0.3536},{ -0.5303, -0.1768, -0.1768}}],Polygon[{{  0.1768,  0.5303, -0.1768},{  0.3536,  0.3536, -0.3536},{  0.1768,  0.1768, -0.5303}}],Polygon[{{ -0.3536,  0.3536,  0.3536},{ -0.5303,  0.1768,  0.1768},{ -0.1768,  0.1768,  0.5303}}],Polygon[{{  0.1768, -0.5303,  0.1768},{  0.3536, -0.3536,  0.3536},{  0.1768, -0.1768,  0.5303}}],Polygon[{{ -0.5303, -0.1768, -0.1768},{ -0.3536, -0.3536, -0.3536},{ -0.1768, -0.5303, -0.1768}}],Polygon[{{  0.3536, -0.3536,  0.3536},{  0.1768, -0.5303,  0.1768},{  0.5303, -0.1768,  0.1768}}],Polygon[{{  0.1768,  0.1768, -0.5303},{  0.3536,  0.3536, -0.3536},{  0.5303,  0.1768, -0.1768}}],Polygon[{{ -0.1768, -0.5303, -0.1768},{ -0.3536, -0.3536, -0.3536},{ -0.1768, -0.1768, -0.5303}}]}]
Graphics3D[{Opacity[0.5],Polygon[{{ -0.1768,  0.5303, -0.1768},{  0.1768,  0.5303,  0.1768},{  0.1768,  0.1768,  0.5303},{ -0.1768, -0.1768,  0.5303},{ -0.5303, -0.1768,  0.1768},{ -0.5303,  0.1768, -0.1768}}],Polygon[{{  0.1768,  0.5303,  0.1768},{  0.5303,  0.1768,  0.1768},{  0.5303, -0.1768, -0.1768},{  0.1768, -0.1768, -0.5303},{ -0.1768,  0.1768, -0.5303},{ -0.1768,  0.5303, -0.1768}}],Polygon[{{  0.1768,  0.1768,  0.5303},{  0.3536,  0.3536,  0.3536},{  0.1768,  0.5303,  0.1768}}],Polygon[{{ -0.1768, -0.1768,  0.5303},{ -0.1768, -0.5303,  0.1768},{  0.1768, -0.5303, -0.1768},{  0.5303, -0.1768, -0.1768},{  0.5303,  0.1768,  0.1768},{  0.1768,  0.1768,  0.5303}}],Polygon[{{ -0.5303, -0.1768,  0.1768},{ -0.3536, -0.3536,  0.3536},{ -0.1768, -0.1768,  0.5303}}],Polygon[{{ -0.5303,  0.1768, -0.1768},{ -0.1768,  0.1768, -0.5303},{  0.1768, -0.1768, -0.5303},{  0.1768, -0.5303, -0.1768},{ -0.1768, -0.5303,  0.1768},{ -0.5303, -0.1768,  0.1768}}],Polygon[{{ -0.1768,  0.5303, -0.1768},{ -0.3536,  0.3536, -0.3536},{ -0.5303,  0.1768, -0.1768}}],Polygon[{{  0.5303,  0.1768,  0.1768},{  0.3536,  0.3536,  0.3536},{  0.1768,  0.5303,  0.1768}}],Polygon[{{  0.1768, -0.1768, -0.5303},{  0.3536, -0.3536, -0.3536},{  0.5303, -0.1768, -0.1768}}],Polygon[{{ -0.1768,  0.5303, -0.1768},{ -0.3536,  0.3536, -0.3536},{ -0.1768,  0.1768, -0.5303}}],Polygon[{{  0.3536,  0.3536,  0.3536},{  0.5303,  0.1768,  0.1768},{  0.1768,  0.1768,  0.5303}}],Polygon[{{ -0.1768, -0.5303,  0.1768},{ -0.3536, -0.3536,  0.3536},{ -0.1768, -0.1768,  0.5303}}],Polygon[{{  0.5303, -0.1768, -0.1768},{  0.3536, -0.3536, -0.3536},{  0.1768, -0.5303, -0.1768}}],Polygon[{{ -0.3536, -0.3536,  0.3536},{ -0.1768, -0.5303,  0.1768},{ -0.5303, -0.1768,  0.1768}}],Polygon[{{ -0.1768,  0.1768, -0.5303},{ -0.3536,  0.3536, -0.3536},{ -0.5303,  0.1768, -0.1768}}],Polygon[{{  0.1768, -0.5303, -0.1768},{  0.3536, -0.3536, -0.3536},{  0.1768, -0.1768, -0.5303}}]}]
Graphics3D[{Opacity[0.5],Polygon[{{ -0.1768,  0.5303, -0.1768},{  0.1768,  0.5303,  0.1768},{  0.1768,  0.1768,  0.5303},{ -0.1768, -0.1768,  0.5303},{ -0.5303, -0.1768,  0.1768},{ -0.5303,  0.1768, -0.1768}}],Polygon[{{  0.1768,  0.5303,  0.1768},{  0.5303,  0.1768,  0.1768},{  0.5303, -0.1768, -0.1768},{  0.1768, -0.1768, -0.5303},{ -0.1768,  0.1768, -0.5303},{ -0.1768,  0.5303, -0.1768}}],Polygon[{{  0.1768,  0.1768,  0.5303},{  0.3536,  0.3536,  0.3536},{  0.1768,  0.5303,  0.1768}}],Polygon[{{ -0.1768, -0.1768,  0.5303},{ -0.1768, -0.5303,  0.1768},{  0.1768, -0.5303, -0.1768},{  0.5303, -0.1768, -0.1768},{  0.5303,  0.1768,  0.1768},{  0.1768,  0.1768,  0.5303}}],Polygon[{{ -0.5303, -0.1768,  0.1768},{ -0.3536, -0.3536,  0.3536},{ -0.1768, -0.1768,  0.5303}}],Polygon[{{ -0.5303,  0.1768, -0.1768},{ -0.1768,  0.1768, -0.5303},{  0.1768, -0.1768, -0.5303},{  0.1768, -0.5303, -0.1768},{ -0.1768, -0.5303,  0.1768},{ -0.5303, -0.1768,  0.1768}}],Polygon[{{ -0.1768,  0.5303, -0.1768},{ -0.3536,  0.3536, -0.3536},{ -0.5303,  0.1768, -0.1768}}],Polygon[{{  0.5303,  0.1768,  0.1768},{  0.3536,  0.3536,  0.3536},{  0.1768,  0.5303,  0.1768}}],Polygon[{{  0.1768, -0.1768, -0.5303},{  0.3536, -0.3536, -0.3536},{  0.5303, -0.1768, -0.1768}}],Polygon[{{ -0.1768,  0.5303, -0.1768},{ -0.3536,  0.3536, -0.3536},{ -0.1768,  0.1768, -0.5303}}],Polygon[{{  0.3536,  0.3536,  0.3536},{  0.5303,  0.1768,  0.1768},{  0.1768,  0.1768,  0.5303}}],Polygon[{{ -0.1768, -0.5303,  0.1768},{ -0.3536, -0.3536,  0.3536},{ -0.1768, -0.1768,  0.5303}}],Polygon[{{  0.5303, -0.1768, -0.1768},{  0.3536, -0.3536, -0.3536},{  0.1768, -0.5303, -0.1768}}],Polygon[{{ -0.3536, -0.3536,  0.3536},{ -0.1768, -0.5303,  0.1768},{ -0.5303, -0.1768,  0.1768}}],Polygon[{{ -0.1768,  0.1768, -0.5303},{ -0.3536,  0.3536, -0.3536},{ -0.5303,  0.1768, -0.1768}}],Polygon[{{  0.1768, -0.5303, -0.1768},{  0.3536, -0.3536, -0.3536},{  0.1768, -0.1768, -0.5303}}]}]
